2023-03-02 17:14:07.090671

Network Edges:
ID			From			To			Length
-1028359465		9480961760		9480961757		224.06
-1058069942#0		7154206605		9722186847		218.19
-1058069942#1		9722186846		7154206605		182.44
-1072226221#0		7933382147		9838163242		43.99
-1072226221#1		7933382143		7933382147		11.11
-1072226222#0		9838163244		6984995933		304.19
-1072226222#1		9838163255		9838163244		105.85
-1072226222#2		9838163254		9838163255		6.47
-1072226222#3		2478523790		9838163254		114.53
-1098020203#0		9486103027		7097958260		819.69
-1098020203#1		9486103028		9486103027		5.05
-1098020203#2		5800236063		9486103028		785.31
-1098020203#3		5800236072		5800236063		666.25
-1103980862		10102383479		10102383478		105.97
-1103982939		10102605935		6450706972		130.57
-1103982940#0		10102605939		7933396714		124.63
-1103982940#1		10102424817		10102605939		74.63
-1103982940#2		10102605936		10102424817		135.78
-1103982941		10102424817		6450706972		83.5
-1103983852		10102403050		2478523739		300.24
-1103983853		9838163244		10102403050		157.19
-1103983854		10102403052		10102403050		163.04
-1103983855		10102403052		2478523712		322.28
-1103984862#0		10102443099		10102403050		138.63
-1103984862#1		10102443101		10102443099		28.75
-1103984862#2		2730580466		10102443101		109.18
-1103984863		10102443100		10102443099		234.47
-1103984864		10102443102		10102443101		236.07
-1103992824		2484585622		2478523705		161.3
-1103992825		10102517960		2484585622		54.43
-1104003563		10102605936		10102605935		81.64
-1104003564		10102605937		10102605935		74.24
-1104003565		10102605939		10102605938		87.77
-134557731		3684963096		2401503980		17.03
-134626495		1734799580		1144975815		971.87
-161503495#0		2401209419		2401209529		162.5
-161503495#1		1734799514		2401209419		85.01
-161503495#2		1734799679		1734799514		97.25
-161503495#3		1734799460		1734799679		53.69
-161503499#0		7154206603		1148784425		222.72
-161503499#1		2401239653		7154206603		162.36
-161503499#2		2733773962		2401239653		222.08
-161503499#3		2401503952		2733773962		106.18
-161503499#4		2733822610		2401503952		15.33
-161503499#5		2733822608		2733822610		5.13
-161503499#6		1734799743		2733822608		171.26
-161503502#0		1734799787		1734799706		121.8
-161503502#1		1734799459		1734799787		139.92
-161503508#0		1734799679		6046759215		83.17
-161503508#1		2401209132		1734799679		101.48
-161503508#2		2401209126		2401209132		127.14
-161503508#3		1734799703		2401209126		64.32
-161503516		838310065		1734799665		233.17
-161503536#0		2401209627		2401209668		279.76
-161503536#1		1734799665		2401209627		24.7
-161503537		1734799479		1734799552		351.4
-161503538		1734799643		1734799601		92.33
-161503540#0		2401209536		2401209556		65.97
-161503540#1		2401209422		2401209536		183.13
-161503540#2		1734799769		2401209422		224.96
-161503541		1734799643		1734799706		55.6
-161503546		1734799661		2401209401		168.41
-161503551#0		1734808331		2401208968		93.48
-161503551#1		2401390934		1734808331		111.56
-161503551#2		1734799582		2401390934		175.85
-161503553		1734799580		1734799534		10.18
-161503593		2401390892		1734808331		539.92
-231791561#0		2401209469		2401209446		47.04
-231791561#1		2401209446		2401209469		44.47
-231791562#0		2401209046		2401209052		73.94
-231791562#1		2742026871		2401209046		14.91
-231791562#2		2401209075		2742026871		123.18
-231791562#3		2742026921		2401209075		25.78
-231791562#4		2742026901		2742026921		122.3
-231791562#5		2401209048		2742026901		17.58
-231791562#6		2401209050		2401209048		74.49
-231791563#0		2401209585		2401209577		61.29
-231791563#1		2401209606		2401209585		127.29
-231791564#0		2401209668		2401209627		292.8
-231791564#1		2401209673		2401209668		85.75
-231791565#0		2401209379		2401209359		7.59
-231791565#1		2401209395		2401209379		6.79
-231791565#2		2401209434		2401209395		28.61
-231791565#3		2401209426		2401209434		115.3
-231791565#4		2401209413		2401209426		16.38
-231791565#5		2401209389		2401209413		18.08
-231791566#0		2401209203		2401209132		30.09
-231791566#1		2401209355		2401209203		131.95
-231791566#2		2401209418		2401209355		126.16
-231791566#3		2401209419		2401209418		103.09
-231791567#0		2401209379		2401209377		94.25
-231791567#1		2401209442		2401209379		80.54
-231791567#2		2401209413		2401209442		300.24
-231791567#3		2401209377		2401209413		41.09
-231791567#4		2401209395		2401209377		75.91
-231791568		1734799514		2401209325		98.86
-231791569		2401209162		2401209020		244.56
-231791570		2401209361		2401209338		15.43
-231791571		2401209445		2401209422		51.79
-231791572		2401209283		2401209285		17.92
-231791573		2401209588		2401209585		25.71
-231791574		2401209606		1734799643		125.26
-231791575		2401209351		2401209355		73.45
-231791576		2401209489		2401209384		171.12
-231791577		2401208970		2401209046		199.78
-231791578#0		2401209020		2401209016		113.49
-231791578#1		2401209022		2401209020		233.65
-231791579		1734799744		838310065		315.42
-231791580#0		2401209527		2401209536		89.72
-231791580#1		2401209486		2401209527		68.7
-231791580#2		2401209445		2401209486		48.58
-231791580#3		2401209443		2401209445		0.2
-231791580#4		2401209424		2401209443		101.69
-231791580#5		2401209446		2401209424		18.17
-231791580#6		2401209474		2401209446		13.89
-231791580#7		2401209497		2401209474		28.96
-231791580#8		2401209527		2401209497		185.96
-231791581#0		2401209359		2401209334		106.61
-231791581#1		2401209361		2401209359		13.49
-231791581#2		2401209378		2401209361		44.83
-231791582#0		2401209093		2401209115		14.83
-231791582#1		2401209095		2401209093		0.2
-231791582#2		2401209123		2401209095		13.94
-231791583		2401209048		2401208972		200.73
-231791585#0		2401209606		1734799787		60.25
-231791585#1		2401209625		2401209606		61.78
-231791586#0		2401209005		2401208974		75.46
-231791586#1		2401209022		2401209005		14.53
-231791586#2		2401209086		2401209022		130.32
-231791586#3		2401209144		2401209086		90.9
-231791587#0		2401209197		2401209200		75.63
-231791587#1		2401209244		2401209197		97.61
-231791588#0		2401209197		2401209126		17.15
-231791588#1		2401209384		2401209197		145.91
-231791588#2		2401209382		2401209384		25.47
-231791590		2401209486		2401209484		94.84
-231791591#0		2401209434		2401209426		98.87
-231791591#1		2401209442		2401209434		19.69
-231791591#2		838312051		2401209442		35.22
-231791592#0		2401209253		2401209203		22.67
-231791592#1		2401209294		2401209253		4.21
-231791592#2		2401209325		2401209294		24.87
-231791592#3		2401209351		2401209325		19.09
-231791592#4		2401209418		2401209351		50.97
-231791593#0		6102776411		2401209086		49.97
-231791593#1		6102776407		6102776411		40.29
-231791593#2		6102775860		6102776407		22.32
-231791593#3		2401209005		6102775860		154.71
-231791594		2401209253		2401209294		159.64
-231791595#0		2401209283		2401209150		50.64
-231791595#1		2401209334		2401209283		39.0
-231791595#2		2401209389		2401209334		65.64
-231791595#3		2401209407		2401209389		225.56
-231791596#0		2401209401		2401209443		186.23
-231791596#1		2401209424		2401209401		21.96
-231791597#0		2401209338		2401209317		103.33
-231791597#1		2401209285		2401209338		275.36
-231791597#2		2401209317		2401209285		18.59
-231791598#0		2401209484		2401209497		10.33
-231791598#1		2401209474		2401209484		100.59
-231791599		2401209472		2401209156		357.39
-231791612		2401209621		838312058		63.99
-231791613		838312061		2401209631		18.7
-231791614		2401209631		2401209621		22.17
-231791618		2401209613		1734808344		383.77
-231793617#0		1734799682		1734799743		88.6
-231793617#1		6102775862		1734799682		63.11
-231793617#2		2713731835		6102775862		105.72
-231793617#3		1734799534		2713731835		33.85
-231793620#0		2401209529		1734808344		63.19
-231793620#1		6046759215		2401209529		378.74
-231793620#2		2401208968		6046759215		366.4
-231793620#3		2401208957		2401208968		537.26
-231793621		1734808344		506157801		474.04
-231793622#0		2401209378		1734799520		157.85
-231793622#1		838312051		2401209378		79.63
-231793622#2		2401209472		838312051		6.74
-231793622#3		2401209556		2401209472		151.03
-231793622#4		1734799744		2401209556		36.65
-231793622#5		838312058		1734799744		11.6
-231793623#0		2401209016		1479067753		102.25
-231793623#1		2401209050		2401209016		70.88
-231793623#2		1734799520		2401209050		157.4
-231793624#0		2401209625		2401209613		133.87
-231793624#1		838310065		2401209625		0.2
-231793625#0		2401209052		1734799703		141.79
-231793625#1		1734799582		2401209052		191.14
-231793626#0		1734799501		1734799534		78.82
-231793626#1		2401209144		1734799501		147.76
-231793626#2		1734799661		2401209144		128.48
-231793626#3		1734799769		1734799661		32.76
-231793626#4		2401209162		1734799769		62.9
-231793626#5		2401209156		2401209162		29.38
-231793626#6		1734799520		2401209156		78.91
-231793627#0		2733773949		1479067753		178.21
-231793627#1		2733773944		2733773949		65.45
-231793627#2		2401208974		2733773944		87.08
-231793627#3		2733822563		2401208974		16.36
-231793627#4		1734799743		2733822563		127.23
-231808100#0		2401390847		2401390848		184.15
-231808100#1		2401390804		2401390847		187.53
-231808101#0		4534994388		2401390806		2.57
-231808101#1		2401390801		4534994388		124.74
-231808101#2		2401390795		2401390801		61.37
-231808101#3		2401390789		2401390795		73.38
-231808101#4		2401390804		2401390789		211.65
-231808101#5		2401390805		2401390804		80.7
-231808102#0		2401390778		2401390779		76.77
-231808102#1		2401390809		2401390778		77.2
-231808102#2		2401390831		2401390809		33.14
-231808102#3		2401390837		2401390831		74.29
-231808103#0		2401390786		2401390757		91.44
-231808103#1		2401390826		2401390786		173.79
-231808103#2		2401390832		2401390826		2.45
-231808103#3		2401390840		2401390832		13.52
-231808103#4		2401390842		2401390840		13.65
-231808104#0		2401390917		2401390906		69.8
-231808104#1		2401390903		2401390917		71.66
-231808104#2		2401390880		2401390903		238.24
-231808105#0		2401390880		2401390882		84.12
-231808105#1		2401390902		2401390880		287.17
-231808105#2		2401390926		2401390902		219.32
-231808106		2401390749		2401390795		136.73
-231808107		2401390838		2401390840		70.64
-231808108		2401390761		2401390764		80.61
-231808110		2401390748		2401390789		129.54
-231808112		2401390783		2401390786		61.94
-231808113#0		2401390852		2401390847		11.4
-231808113#1		2401390870		2401390852		30.24
-231808114#0		2401390902		2401390903		54.95
-231808114#1		2401390901		2401390902		59.52
-231808114#2		4534994946		2401390901		0.2
-231808115#0		2401390926		2401390934		93.02
-231808115#1		2401390917		2401390926		80.2
-231808116#0		4534994969		2401390725		0.2
-231808116#1		2401390730		4534994969		153.46
-231808116#2		2401390710		2401390730		232.15
-231808116#3		2401390735		2401390710		157.11
-231808116#4		2401390730		2401390735		386.91
-231808118#0		2401390848		2401390801		122.91
-231808118#1		2401390871		2401390848		55.08
-231808120		2401390762		2401390767		60.24
-231808122		2401390773		2401390769		61.94
-231808124		2401390710		9481522243		249.11
-231808125#0		2401390809		2401390808		88.68
-231808125#1		2401390806		2401390809		77.08
-231808126		2401390852		2401390849		204.64
-231808127#0		2401390769		2401390778		17.21
-231808127#1		2401390767		2401390769		0.51
-231808127#2		2401390761		2401390767		7.83
-231808127#3		2401390754		2401390761		16.08
-231808128#0		2401390831		2401390832		66.49
-231808128#1		2401390818		2401390831		70.41
-231808129#0		2401390808		2401390826		29.12
-231808129#1		2401390783		2401390808		48.82
-231808129#2		2401390779		2401390783		3.31
-231808129#3		2401390764		2401390779		43.6
-231808129#4		2401390755		2401390764		16.76
-231808132#0		1195044782		2401390872		338.67
-231808132#1		837956951		1195044782		130.63
-231808132#2		837956968		837956951		448.28
-231808154#0		2401390757		1195044782		5.75
-231808154#1		2401390755		2401390757		74.25
-231808154#2		2401390754		2401390755		79.6
-231808154#3		2401390751		2401390754		89.24
-231808159#0		3738577680		2401363138		103.72
-231808159#1		2877898290		3738577680		329.52
-231808159#2		2401390759		2877898290		157.39
-231808162#0		2401390872		1148784410		281.82
-231808162#1		2401208957		2401390872		158.5
-231820206#0		2401503951		2401503926		363.94
-231820206#1		2713725851		2401503951		247.27
-231820209		2401503951		2401503952		148.2
-231820215#0		4534995022		2478523793		0.1
-231820215#1		2730580466		4534995022		243.52
-231820216#0		4534994915		1148784419		0.1
-231820216#1		9722186847		4534994915		431.0
-231820216#2		1148784425		9722186847		78.15
-231820216#3		2401208952		1148784425		483.8
-236668161#0		2733181778		3684963096		175.93
-236668161#1		2733181783		2733181778		49.3
-236668161#2		2733181776		2733181783		78.9
-236668161#3		8640236592		2733181776		72.58
-236668161#4		3799158620		8640236592		0.2
-236668173#0		2484585634		2401390759		191.3
-236668173#1		2739341918		2484585634		55.6
-236668173#2		7281789504		2739341918		148.37
-236668173#3		2478523793		7281789504		88.93
-236669235#0		2401208970		1734799582		121.79
-236669235#1		2751749653		2401208970		44.15
-236669235#2		2751749659		2751749653		140.93
-236669235#3		2401208972		2751749659		49.74
-236669235#4		2751749683		2401208972		41.15
-236669235#5		1479067753		2751749683		64.94
-240079264		2478523681		2478523661		125.64
-240079265#0		6805911917		2478523681		279.39
-240079265#1		6984995934		6805911917		3.39
-240079267#0		7933382143		2570974075		213.09
-240079267#1		6984995932		7933382143		53.65
-240079268#0		2481900334		2478523652		38.84
-240079268#1		2481900299		2481900334		26.13
-240079268#10		2481900122		2481900221		45.22
-240079268#11		2478523694		2481900122		10.07
-240079268#12		2481896227		2478523694		0.2
-240079268#13		2478523776		2481896227		0.2
-240079268#2		2478523691		2481900299		113.97
-240079268#3		2481900391		2478523691		0.2
-240079268#4		2481900367		2481900391		5.75
-240079268#5		2481900384		2481900367		9.18
-240079268#6		2481900220		2481900384		3.91
-240079268#7		2481900385		2481900220		2.76
-240079268#8		2481900378		2481900385		5.8
-240079268#9		2481900221		2481900378		0.2
-240079271#0		2478523745		2570974076		21.86
-240079271#1		2478523750		2478523745		27.76
-240079271#2		2570974076		2478523750		53.58
-240079272#0		2720458068		2478523750		8.3
-240079272#1		2478523704		2720458068		54.38
-240079273		2478523760		2478523759		152.96
-240079274#0		2478523768		2570974075		181.89
-240079274#1		2478523681		2478523768		185.96
-240079275		7845563046		2478523776		0.2
-240079280#0		2481902634		2478523794		37.87
-240079280#1		2481902631		2481902634		36.59
-240079280#2		2478523797		2481902631		27.57
-240079280#3		2484585622		2478523797		99.37
-240079281#0		2481902606		2478523759		37.74
-240079281#1		2478523797		2481902606		4.18
-240451937#0		2481900165		2478523691		15.92
-240451937#1		2481900266		2481900165		11.07
-240451937#2		2481896245		2481900266		18.31
-240451937#3		2481896253		2481896245		78.4
-240451937#4		2481896069		2481896253		4.77
-240451949#0		2481900249		2481896227		56.56
-240451949#1		2481900183		2481900249		166.67
-240451949#2		2481896245		2481900183		118.94
-240451951		2481896254		2481896253		90.38
-240452473#0		2481900315		2481900311		17.7
-240452473#1		2481900319		2481900315		9.07
-240452474		2481900305		2481900315		13.17
-240453454#0		3523337822		2481908669		32.13
-240453454#1		2481908675		3523337822		89.45
-240453456		1479955261		2481908678		32.44
-240453457		2481908685		2481908684		37.18
-240560815		4534995079		837956951		419.04
-240617291#0		2483380293		2483380288		188.48
-240617291#1		2483380297		2483380293		91.28
-240617291#2		2483380292		2483380297		86.49
-240617292		2483380294		2483380293		142.79
-240617293		2483380297		2483380295		121.54
-240617294		2483380300		2483380298		110.94
-240617295		2483380302		2483380301		111.16
-240747960#0		2481908685		1479955261		23.88
-240747960#1		2481908675		2481908685		41.26
-265762563#0		2713731851		1734799682		73.67
-265762563#1		2713731849		2713731851		62.42
-265762563#2		2713731833		2713731849		58.75
-265762565#0		2713731841		2713731835		75.06
-265762565#1		2713731853		2713731841		22.48
-265762565#2		2733263582		2713731853		50.28
-265762565#3		2713731849		2733263582		47.98
-265762567#0		2713731858		2713731841		21.76
-265762567#1		2733263580		2713731858		50.69
-265762567#2		2713731851		2733263580		44.08
-265762569		2713731858		2713731853		6.18
-267612556#0		9722186846		2730580466		137.69
-267612556#1		2401503926		9722186846		26.48
-267612556#10		2401390870		2401208955		196.83
-267612556#11		2401390871		2401390870		170.49
-267612556#12		2751749844		2401390871		0.2
-267612556#13		4534994698		2751749844		176.18
-267612556#14		1148784410		4534994698		0.2
-267612556#2		2401239653		2401503926		152.34
-267612556#3		2733796960		2401239653		81.55
-267612556#4		2733796942		2733796960		61.51
-267612556#5		2733773961		2733796942		51.54
-267612556#6		2751749918		2733773961		0.2
-267612556#7		2733773957		2751749918		65.92
-267612556#8		2733796743		2733773957		84.47
-267612556#9		2401208955		2733796743		72.76
-267929674#0		2733181787		2733181776		75.39
-267929674#1		2733181777		2733181787		238.76
-267929675#0		2733181784		2733181778		63.02
-267929675#1		2733181779		2733181784		227.34
-267929677#0		2733181786		2733181782		120.31
-267929677#1		2733181785		2733181786		2.77
-267929677#2		2733181783		2733181785		63.15
-267929678		2733181785		2733181784		48.65
-267929679		2733181787		2733181786		79.39
-267936777		2733263582		2733263580		35.64
-268000578#0		1125840591		3799158620		202.2
-268000578#1		2401503924		1125840591		301.78
-268000578#2		2877898283		2401503924		69.56
-268000578#3		2401390759		2877898283		126.51
-268005505#0		2733773953		2733773944		94.03
-268005505#1		2733822558		2733773953		49.57
-268005505#2		2733773948		2733822558		95.23
-268005505#3		2733773964		2733773948		33.57
-268005505#4		2733773945		2733773964		73.49
-268005507#0		2733796742		2733773947		90.86
-268005507#1		2733773950		2733796742		60.89
-268005507#2		2733773948		2733773950		65.14
-268005508#0		6450706889		2733773949		92.37
-268005508#1		2733773950		6450706889		158.32
-268005509#0		6450706889		2733773952		173.58
-268005509#1		2733773953		6450706889		65.27
-268005512#0		8526783241		2733773954		81.3
-268005512#1		2733773956		8526783241		83.9
-268005513		2733773957		2733773956		124.14
-268005515#0		2733773959		2733773956		9.79
-268005515#1		2733773958		2733773959		0.2
-268005516#0		2733773945		2733773959		43.74
-268005516#1		2733773960		2733773945		18.53
-268005517#0		2733796949		2733773960		54.67
-268005517#1		2733773961		2733796949		83.91
-268005518#0		2733796962		2733773962		77.73
-268005518#1		2733796946		2733796962		62.76
-268005518#2		2733773964		2733796946		88.03
-268008085#0		8526783241		2733796742		146.94
-268008085#1		2733796743		8526783241		124.52
-268008101#0		2733796951		2733796942		83.73
-268008101#1		2733796946		2733796951		119.08
-268008102		2733796951		2733796949		52.77
-268008105		2733796962		2733796960		219.57
-268013263#0		8480471077		2733822558		32.98
-268013263#1		2733822559		8480471077		67.24
-268013264#0		2733822566		2733822560		23.35
-268013264#1		8480471075		2733822566		69.25
-268013264#2		2733822562		8480471075		85.48
-268013265#0		8480471075		2733822563		64.83
-268013265#1		2733822573		8480471075		14.93
-268013265#2		2733822565		2733822573		0.2
-268013266#0		8480471076		2733822566		15.32
-268013266#1		8480471077		8480471076		52.68
-268013266#2		2733822568		8480471077		46.65
-268013267		2733822569		2733822568		73.08
-268013268#0		8480471076		2733822572		10.24
-268013268#1		2733822573		8480471076		69.31
-268013269#0		2733822576		2733822565		14.34
-268013269#1		2733822575		2733822576		50.63
-268013270#0		2733822606		2733822576		113.17
-268013270#1		2733822609		2733822606		5.55
-268013270#2		2733822615		2733822609		0.2
-268013270#3		2733822616		2733822615		30.83
-268013271		2733822615		2733822569		105.84
-268013272		2733822616		2733822568		270.71
-268013273		2733822608		2733822606		29.44
-268013274		2733822610		2733822609		29.84
-268599171		2739341905		2739341904		84.48
-268599172#0		2739341906		7281789504		7.64
-268599172#1		2739341922		2739341906		20.58
-268599172#2		2739341924		2739341922		31.42
-268599172#3		2739341905		2739341924		48.71
-268599172#4		2739341927		2739341905		43.87
-268599172#5		2739341916		2739341927		39.68
-268599172#6		3062518796		2739341916		28.65
-268599172#7		2739341917		3062518796		20.54
-268599173#0		2739341920		2739341906		143.9
-268599173#1		2739341919		2739341920		0.2
-268599173#10		2739341915		2739341916		36.07
-268599173#2		2739341943		2739341919		163.32
-268599173#3		2739341923		2739341943		4.34
-268599173#4		2739341947		2739341923		22.46
-268599173#5		2739341946		2739341947		35.37
-268599173#6		2739341935		2739341946		31.97
-268599173#7		2739341931		2739341935		64.74
-268599173#8		2739341921		2739341931		127.19
-268599173#9		2739341916		2739341921		115.83
-268599176		2739341919		2739341918		6.36
-268599183		2739341941		2739341931		149.19
-268889895		2741897799		2741897822		712.4
-268906202#0		2742026851		2401209093		5.7
-268906202#1		2742026854		2742026851		0.2
-268906202#2		2401209095		2742026854		5.71
-268906203#0		2742026915		2742026851		4.05
-268906203#1		2742026863		2742026915		76.92
-268906203#2		2742026877		2742026863		85.32
-268906203#3		2742026871		2742026877		32.53
-268906204		2742026877		2742026863		74.57
-268906205#0		2742026918		2742026854		0.2
-268906205#1		2742026886		2742026918		87.78
-268906205#2		2742026892		2742026886		63.23
-268906206#0		2742026892		2742026886		108.89
-268906206#1		2742026901		2742026892		27.61
-268906208		2401209075		2742026915		52.36
-268906209		2742026921		2742026918		53.37
-270081577#0		4534994913		2751698634		0.2
-270081577#1		2751749769		4534994913		107.35
-270081577#2		2828217475		2751749769		248.85
-270081577#3		2751749688		2828217475		44.58
-270081577#4		2828217474		2751749688		3.99
-270081577#5		2751698635		2828217474		85.22
-270087460#0		2751749667		2751749653		44.98
-270087460#1		2751749679		2751749667		181.21
-270087460#2		2751749659		2751749679		68.77
-270087461#0		4534995096		2751749661		0.2
-270087461#1		2751749663		4534995096		61.22
-270087462#0		2751749673		2751749663		118.73
-270087462#1		2751749667		2751749673		0.2
-270087464#0		2751749675		2751749663		18.22
-270087464#1		2751749677		2751749675		158.86
-270087464#2		2751749673		2751749677		41.53
-270087465		2751749677		2751749675		92.87
-270087466#0		2751749687		2751749679		75.92
-270087466#1		2751749685		2751749687		15.5
-270087466#2		2751749681		2751749685		67.99
-270087467		2751749685		2751749683		69.59
-270087468#0		2751749690		2751749687		14.87
-270087468#1		2751749696		2751749690		26.2
-270087468#2		2751749688		2751749696		19.52
-270087469		2751749696		2751749690		127.05
-270087471		2751749771		2751749769		69.66
-270087472		2751749771		2751749773		3.51
-270087473		2751749776		2751749773		3.57
-270087474		2751749778		2751749771		3.38
-270087475		2751749776		2751749778		3.84
-270087476#0		4534994886		2751749773		103.22
-270087476#1		2751749780		4534994886		0.2
-270087477		2751749782		2751749778		119.7
-270087478		2751749784		2751749776		67.62
-270087479#0		2751749791		2751749784		14.15
-270087479#1		4534994364		2751749791		88.27
-270087479#2		2751749787		4534994364		0.2
-270087480		2751749789		2751749784		94.77
-270087481#0		2751749793		2751749791		49.97
-270087481#1		2751749838		2751749793		46.96
-270087481#2		2751749842		2751749838		39.89
-270087481#3		2751749815		2751749842		31.74
-270087481#4		2751749825		2751749815		55.54
-270087482		2751749835		2751749815		58.84
-270087483		2751749840		2751749838		7.49
-270087484		2751749844		2751749842		51.88
-270087485		2751749849		2751749846		67.22
-270087486#0		2751749849		2751749851		28.42
-270087486#1		2751749853		2751749849		78.55
-270087487		2751749853		2751749855		63.93
-270087489#0		2751749880		2751749859		190.24
-270087489#1		2751749881		2751749880		11.27
-270087490#0		2751749911		2751749880		67.24
-270087490#1		2751749894		2751749911		37.74
-270087491#0		2751749920		2751749896		0.2
-270087491#1		2751749911		2751749920		239.94
-270087492		2751749851		2751749896		169.91
-270087493		2751749920		2751749918		33.47
-270087494		2751749930		2751749853		157.8
-270087495#0		2751749930		2751749932		63.86
-270087495#1		2751749934		2751749930		135.5
-278455399#0		2828217454		2828217452		140.44
-278455399#1		2828217453		2828217454		80.14
-278455400		2828217474		2828217454		199.07
-278455401		2828217482		2828217475		45.95
-278571334		2829220477		9486211039		268.32
-278571335		2829220480		9486211038		273.36
-278571336#0		2829220482		2829220477		35.3
-278571336#1		2829220481		2829220482		39.21
-278571337#0		2829227802		2829220482		72.76
-278571337#1		2829220483		2829227802		55.58
-278571535#0		2829225699		2829220477		12.69
-278571535#1		2829227801		2829225699		71.77
-278571535#2		2829225700		2829227801		57.61
-278571535#3		2829241484		2829225700		56.37
-278571536#0		2829227802		2829227801		63.15
-278571536#1		2829227803		2829227802		75.73
-278571537#0		2829227813		2829227803		82.61
-278571537#1		2829227805		2829227813		55.96
-278571538#0		2829227807		2829227806		17.48
-278571538#1		2829227813		2829227807		43.35
-278571539		2829227807		2829227805		12.97
-278571540		1148754905		2829225699		186.34
-278571541#0		2829227816		2829227801		50.53
-278571541#1		2829241480		2829227816		36.48
-278571541#2		1148754909		2829241480		67.76
-278571542		2829227817		2829227816		57.9
-278572377#0		2829241483		2829241480		58.67
-278572377#1		1148754922		2829241483		29.15
-278572378#0		2829220483		2829241482		45.42
-278572378#1		2829225700		2829220483		63.38
-278572378#2		2829227817		2829225700		50.32
-278572378#3		2829241483		2829227817		34.77
-278572995		2829257347		2829227803		307.97
-279360268		2570974076		2570974075		135.54
-279360269		2570974075		2478523681		158.17
-279360271		2478523790		6984995934		306.48
-279360273#0		6984995931		2478523739		10.5
-279360273#1		7933382142		6984995931		50.01
-279360273#2		2478523760		7933382142		96.75
-279360273#3		2478523745		2478523760		81.93
-279360278#0		2478523705		2478523704		4.05
-279360278#1		2478523759		2478523705		131.02
-279360279#0		2481902625		2478523759		73.68
-279360279#1		2478523794		2481902625		13.67
-279360279#2		6805911915		2478523794		41.57
-279360280#0		2720460680		2478523776		341.1
-279360280#1		2478523704		2720460680		37.34
-282304746		2862381332		2862381328		99.54
-284004301		2877898282		2877898278		477.74
-284004302		2877898285		2877898283		136.93
-284004303		2877898290		2877898286		202.94
-284004304		2401503924		2877898278		243.84
-284004305#0		8526783240		3738577680		19.89
-284004305#1		2877898312		8526783240		10.51
-284004305#2		2877898315		2877898312		48.57
-284004305#3		2877898302		2877898315		29.23
-284004306#0		8526783240		2877898303		51.54
-284004306#1		2877898310		8526783240		66.26
-284004306#2		2877898305		2877898310		56.66
-284004306#3		2877898307		2877898305		32.78
-284004306#4		2877898304		2877898307		58.25
-284004307		2877898306		2877898305		110.98
-284004308		2877898308		2877898307		115.02
-284004309#0		2877898306		2877898308		38.28
-284004309#1		2877898309		2877898306		56.77
-284004309#2		2877898302		2877898309		70.85
-284004310#0		2877898314		2877898309		24.23
-284004310#1		2877898311		2877898314		46.6
-284004310#2		2877898310		2877898311		12.33
-284004311#0		2877898312		2877898311		66.17
-284004311#1		2877898313		2877898312		45.17
-284004312		2877898315		2877898314		66.55
-345687070#0		3523329191		3523329189		121.41
-345687070#1		3523330393		3523329191		77.16
-345687070#2		3523329191		3523330393		52.23
-345687071#0		3523330394		3523330393		20.56
-345687071#1		3523330398		3523330394		127.31
-345687072#0		3523330399		3523330394		37.58
-345687072#1		3523330398		3523330399		139.28
-345687072#2		3523330483		3523330398		6.13
-345687072#3		3523330406		3523330483		187.41
-345687072#4		3523330407		3523330406		25.67
-345687072#5		3523330409		3523330407		345.94
-345687075#0		3523330446		3523330416		594.76
-345687075#1		3523330448		3523330446		94.43
-345687076		3523330446		3523330407		74.86
-345687077#0		3523330448		3523330406		10.26
-345687077#1		3523330450		3523330448		36.07
-345687081		3523330409		3523330399		47.01
-345687082		3523330483		3523330411		67.03
-345687879		3523337825		2483380333		44.87
-417713709		2862381325		2862381332		48.59
-417713712		2862381328		2862381327		49.67
-417713714		2862381325		4182085029		26.18
-417713716		2862381327		2862381325		106.36
-457336173#0		4534994796		2401390751		0.2
-457336173#1		2401390749		4534994796		200.86
-457336173#2		2401390748		2401390749		75.17
-457336173#3		2401208952		2401390748		308.18
-573587766		5508348780		2751749881		24.46
-642235997#0		2713725851		7281789551		27.78
-642235997#1		1734799743		2713725851		234.28
-650572259		6102775861		6102775860		112.83
-650572262		6102775862		6102775861		0.2
-650572295		6102776411		6102776407		310.27
-688038729#0		6450706972		2478523790		156.27
-688038729#1		10102605938		6450706972		75.13
-688038729#10		2483380295		2483380292		33.42
-688038729#11		7933396690		2483380295		17.15
-688038729#12		10102383478		7933396690		24.23
-688038729#13		1148794191		10102383478		36.17
-688038729#2		7933396712		10102605938		118.85
-688038729#3		1148794192		7933396712		79.72
-688038729#4		6805911916		1148794192		12.33
-688038729#5		2483380301		6805911916		3.45
-688038729#6		2483380288		2483380301		0.2
-688038729#7		2483380298		2483380288		27.84
-688038729#8		2483380294		2483380298		0.2
-688038729#9		2483380292		2483380294		32.76
-70203362#0		2401390734		2401363132		263.03
-70203362#1		2401208952		2401390734		97.98
-70203362#10		2733773947		2828217453		85.3
-70203362#11		2751698635		2733773947		76.12
-70203362#12		2733773952		2751698635		65.98
-70203362#13		2751749681		2733773952		9.34
-70203362#14		1479067753		2751749681		70.67
-70203362#2		2751749932		2401208952		26.68
-70203362#3		2401390805		2751749932		144.37
-70203362#4		2751749855		2401390805		0.2
-70203362#5		2751749846		2751749855		80.4
-70203362#6		2401390849		2751749846		23.26
-70203362#7		2401208955		2401390849		34.3
-70203362#8		2733773954		2401208955		124.85
-70203362#9		2828217453		2733773954		47.58
-725894814#0		7281789523		7281789514		454.57
-725894814#1		7239273289		7281789523		0.2
-725894815#0		7281789529		7239273289		195.73
-725894815#1		7154206600		7281789529		277.2
-725894815#2		2484585634		7154206600		210.8
-766003480		2401503924		7154206600		189.38
-766003481#0		7154206605		7154206603		147.73
-766003481#1		7154206611		7154206605		406.05
-779834478		3523337824		3523337828		271.31
-779834479		7281789592		3523337824		114.0
-779834480		3523337822		7281789592		36.57
-779834481		3523337828		3523337825		129.23
-799269876#0		7474938417		1734799580		0.2
-799269876#1		1734799501		7474938417		93.16
-799269882#0		7474938418		7474938417		41.11
-799269882#1		7474938415		7474938418		0.2
-799269882#2		7474938416		7474938415		0.2
-799269882#3		1734799494		7474938416		70.89
-799269883		7474938421		7474938418		199.86
-840813157		2478523768		7845563047		13.62
-840813158		7845563047		7845563046		40.95
-850367640#0		2483380302		7933396653		3.11
-850367640#1		2483380300		2483380302		31.06
-850367640#2		7933396687		2483380300		39.6
-850367640#3		7933396678		7933396687		47.94
-850367640#4		10102383479		7933396678		22.93
-850367640#5		7933396654		10102383479		0.2
-850367640#6		7933396660		7933396654		63.09
-850367641#0		7933396655		7933396654		33.04
-850367641#1		7933396659		7933396655		73.12
-850367642#0		7933396659		7933396660		210.47
-850367642#1		7933396686		7933396659		94.03
-850367642#2		7933396689		7933396686		10.18
-850367642#3		2483380302		7933396689		152.42
-850367643#0		7933396679		7933396678		30.71
-850367643#1		7933396655		7933396679		46.32
-850367644		7933396686		7933396679		67.84
-850367645		7933396689		7933396687		94.22
-850367646		7933396678		7933396690		105.22
-850367652#0		7933396713		7933396712		83.59
-850367652#1		7933396714		7933396713		12.04
-850367654#0		7933396717		7933396713		32.04
-850367654#1		7933396718		7933396717		53.69
-850367655#0		7933396720		7933396717		0.2
-850367655#1		7933396719		7933396720		33.25
-850367656		7933396722		7933396720		56.97
-850368089#0		7933382144		7933382142		0.56
-850368089#1		9838163243		7933382144		40.82
-850368090#0		7933382148		7933382144		93.37
-850368090#1		7933382147		7933382148		97.34
-850368091		9455677482		7933382148		3.82
-909559997#0		9480961760		8445134880		102.39
-909559997#1		2751749952		9480961760		349.63
-942321520#0		2751749793		2751749825		101.1
-942321520#1		2751749827		2751749793		53.84
-945754276		2401390734		2401390735		84.03
-97049435#0		2829227806		1195044802		403.75
-97049435#1		9480961757		2829227806		135.66
-97049435#2		1144975763		9480961757		147.53
-97049435#3		5800236063		1144975763		0.2
-97049435#4		1144975815		5800236063		0.2
-98584143#0		1125840591		7281789529		276.75
-98584143#1		2877898282		1125840591		557.81
-98584143#2		2401363152		2877898282		81.17
-99295936#0		2481908669		1148754905		38.93
-99295936#1		1148754949		2481908669		318.24
-99297428#0		2401209588		2401209613		11.15
-99297428#1		1734799459		2401209588		20.7
-99297428#2		2401209489		1734799459		135.1
-99297428#3		2401209407		2401209489		101.63
-99297428#4		2401209382		2401209407		12.7
-99297428#5		2401209244		2401209382		102.77
-99297428#6		1734799703		2401209244		49.51
-998139957		1195044782		7674713392		174.34
-998139966#0		3523329189		4534994703		113.53
-998139966#1		1148784425		3523329189		226.38
1028359465		9480961757		9480961760		227.11
1028934991#0		9486041524		9486041527		15.81
1028934991#1		9486041527		9486041538		273.2
1028934991#2		9486041538		7474938414		0.2
1028934992		5800236058		9486041527		2.08
1028934993		9486041538		2401503999		22.35
1028938013#0		9486100415		9486100416		50.52
1028938013#1		9486100416		9486103017		47.81
1028938014		9486103018		9486100415		94.88
1028938015		9486103017		9486103018		8.28
1028938018#0		9486103043		9486100416		41.68
1028938018#1		9486100416		9486103046		17.58
1028938019#0		9486103047		9486103017		9.39
1028938019#1		9486103017		9486103050		25.69
1028949363#0		9486184214		9486211031		97.06
1028949363#1		9486211031		9486211022		13.68
1028949363#2		9486211022		9486211021		48.92
1028949364		9486211024		7474938421		96.11
1028949365		9486211022		9486211030		10.22
1028949366		9486211025		9486211024		9.21
1028949367		9486211026		9486211025		2.47
1028949368		9486211027		9486211026		8.77
1028949369		9486211028		9486211027		18.25
1028949370		9486211029		9486211028		9.09
1028949371		9486211030		9486211029		9.02
1028949372#0		9486211031		9486211033		88.64
1028949372#1		9486211033		1734799494		205.03
1028949373		9486211033		9486211037		56.76
1058069942#0		9722186847		7154206605		218.19
1058069942#1		7154206605		9722186846		182.44
1072226221#0		9838163242		7933382147		43.99
1072226221#1		7933382147		7933382143		11.11
1072226222#0		6984995933		9838163244		304.18
1072226222#1		9838163244		9838163255		110.0
1072226222#2		9838163255		9838163254		8.05
1072226222#3		9838163254		2478523790		118.51
1072226223		2478523793		9838163254		255.5
1072226224#0		9838163255		10102443100		62.29
1072226224#1		10102443100		10102443102		20.9
1072226224#2		10102443102		4534995022		143.33
1098012800		1148754925		2401503980		303.08
1098020202		5758622922		3488417925		618.84
1098020203#0		7097958260		9486103027		819.71
1098020203#1		9486103027		9486103028		5.05
1098020203#2		9486103028		5800236063		783.62
1098020203#3		5800236063		5800236072		667.75
1098020204#0		10054002854		10054002855		29.35
1098020204#1		10054002855		10054002856		19.4
1098020205		10054002855		10054002859		10.85
1098020206		10054002858		10054002857		19.68
1098020207		10054002859		10054002858		10.67
1098020208#0		10054002857		10054002861		24.95
1098020208#1		10054002861		10054002864		7.11
1098020209		10054002862		10054002863		28.64
1098020210		10054002864		10054002862		17.02
1098020211		10054002861		10054002865		41.4
1103980862		10102383478		10102383479		105.97
1103982939		6450706972		10102605935		130.57
1103982940#0		7933396714		10102605939		125.04
1103982940#1		10102605939		10102424817		74.63
1103982940#2		10102424817		10102605936		135.78
1103982941		6450706972		10102424817		83.5
1103983852		2478523739		10102403050		300.24
1103983853		10102403050		9838163244		157.19
1103983854		10102403050		10102403052		163.04
1103983855		2478523712		10102403052		323.54
1103984862#0		10102403050		10102443099		138.63
1103984862#1		10102443099		10102443101		28.75
1103984862#2		10102443101		2730580466		109.18
1103984863		10102443099		10102443100		234.47
1103984864		10102443101		10102443102		236.07
1103992824		2478523705		2484585622		161.3
1103992825		2484585622		10102517960		54.43
1104003563		10102605935		10102605936		81.64
1104003564		10102605935		10102605937		74.24
1104003565		10102605938		10102605939		87.77
134557731		2401503980		3684963096		17.18
134626495		1144975815		1734799580		969.45
161503495#0		2401209529		2401209419		161.25
161503495#1		2401209419		1734799514		85.01
161503495#2		1734799514		1734799679		96.85
161503495#3		1734799679		1734799460		53.69
161503499#0		1148784425		7154206603		222.72
161503499#1		7154206603		2401239653		162.36
161503499#2		2401239653		2733773962		222.08
161503499#3		2733773962		2401503952		106.18
161503499#4		2401503952		2733822610		15.33
161503499#5		2733822610		2733822608		5.13
161503499#6		2733822608		1734799743		171.12
161503502#0		1734799706		1734799787		122.15
161503502#1		1734799787		1734799459		139.92
161503508#0		6046759215		1734799679		83.17
161503508#1		1734799679		2401209132		101.48
161503508#2		2401209132		2401209126		127.14
161503508#3		2401209126		1734799703		64.32
161503509#0		1734799703		2401209115		222.41
161503509#1		2401209115		2401209123		27.84
161503509#2		2401209123		1734799520		213.46
161503516		1734799665		838310065		231.16
161503517#0		1734799520		2401209150		229.34
161503517#1		2401209150		1734799703		252.23
161503536#0		2401209668		2401209627		285.0
161503536#1		2401209627		1734799665		24.7
161503537		1734799552		1734799479		350.87
161503538		1734799601		1734799643		92.33
161503540#0		2401209556		2401209536		63.84
161503540#1		2401209536		2401209422		183.2
161503540#2		2401209422		1734799769		224.96
161503541		1734799706		1734799643		55.6
161503546		2401209401		1734799661		168.41
161503551#0		2401208968		1734808331		93.65
161503551#1		1734808331		2401390934		111.09
161503551#2		2401390934		1734799582		175.85
161503553		1734799534		1734799580		10.18
161503593		1734808331		2401390892		534.22
230466891#0		2389631255		2389631585		193.4
230466891#1		2389631585		7506208833		29.65
230466891#2		7506208833		2389631623		17.24
230466893#0		2389631336		2389631416		95.88
230466893#1		2389631416		2389631465		53.05
230466893#2		2389631465		2389631471		7.64
230466893#3		2389631471		2389631497		36.03
230466893#4		2389631497		2389631530		14.82
230466894#0		2389631036		2389631241		412.91
230466894#1		2389631241		2389631275		43.7
230466894#2		2389631275		2389631334		11.34
230466895#0		2389631436		2389631467		23.4
230466895#1		2389631467		2389631508		48.03
230466895#2		2389631508		2389631587		184.19
230466895#3		2389631587		2389631606		67.77
230466905#0		2389631119		2389631136		4.75
230466905#1		2389631136		2389631156		31.95
230466905#2		2389631156		2389631190		18.13
230466905#3		2389631190		2389631415		498.27
230466905#4		2389631415		2389631425		6.35
230466905#5		2389631425		2389631483		66.27
230466905#6		2389631483		2389631510		34.18
230466905#7		2389631510		2389631545		66.5
230466910#0		2389631471		8480471063		16.2
230466910#1		8480471063		2389631510		16.36
230466921#0		2389631497		8480471063		17.13
230466921#1		8480471063		2389631483		15.1
230466931#0		2389631683		8480471062		28.04
230466931#1		8480471062		2389631671		28.35
230466942#0		2389631669		8480471062		26.13
230466942#1		8480471062		2389631689		27.2
230466960		2389631049		2389631188		370.82
230466966#0		7506208826		2389631596		61.56
230466966#1		2389631596		2389631520		3.13
230466980		2389631668		2389631648		49.96
230466982		2389631438		2389631281		340.89
230466985#0		2389631051		2389631299		173.77
230466985#1		2389631299		2389631334		4.28
230466985#2		2389631334		2389631386		40.13
230466985#3		2389631386		2389631423		50.94
230466985#4		2389631423		2389631530		51.74
230466985#5		2389631530		2389631648		427.95
230466985#6		2389631648		838309960		820.08
230466989		2389631484		2389631427		109.24
230466998		2389631288		2389631066		514.29
230467001		2389631445		2389631281		313.67
230467003		2389631508		2389631587		183.97
230467008		2389631084		2389631378		619.85
230467010		2389631105		2389631416		627.43
230467012		2389631596		2389631499		76.51
230467017		2389631446		2389631239		341.01
230467019		2389631367		2389631078		648.94
230467022		2389631326		2389631064		552.96
230467029#0		2389631281		2389631239		24.13
230467029#1		2389631239		2389631136		129.64
230467037#0		2389631559		2389631625		212.7
230467037#1		2389631625		2389631635		0.55
230467039#0		2389631190		2389631213		7.69
230467039#1		2389631213		2389631415		463.88
230467041#0		2389631386		2389631357		24.59
230467041#1		2389631357		2389631326		32.73
230467041#2		2389631326		2389631288		29.14
230467041#3		2389631288		2389631070		513.1
230467046		2389631501		2389631625		302.03
230467049		2389631043		2389631217		385.59
230467053#0		2389631156		2389631413		553.78
230467053#1		2389631413		2389631465		71.97
230467058#0		838309939		838311132		30.53
230467058#1		838311132		2389631436		51.04
230467058#2		2389631436		2389631501		61.64
230467058#3		2389631501		2389631520		25.51
230467058#4		2389631520		2389631559		39.8
230467058#5		2389631559		2389631635		239.3
230467058#6		2389631635		2389631647		55.32
230467062		2389631041		2389631237		417.35
230467064#0		2389631467		2389631477		5.31
230467064#1		2389631477		2389631593		315.34
230467066#0		2389631418		2389631427		43.7
230467066#1		2389631427		2389631438		53.49
230467066#2		2389631438		2389631445		6.77
230467066#3		2389631445		2389631446		30.07
230467069#0		2389631080		2389631378		621.29
230467069#1		2389631378		2389631401		11.78
230467072		2389631303		2389631058		537.44
230467074#0		2389631357		2389631303		43.44
230467074#1		2389631303		2389631062		534.88
230467081#0		2389631072		2389631367		648.85
230467081#1		2389631367		2389631401		9.01
230467081#2		2389631401		2389631423		39.02
230467083#0		2389631047		2389631188		356.61
230467083#1		2389631188		2389631217		3.6
230467083#2		2389631217		2389631237		5.7
230467083#3		2389631237		2389631275		49.3
230467086		2389631039		2389631241		419.7
230467088		2389631034		2389631247		414.2
230467093#0		2389631213		2389631418		491.17
230467093#1		2389631418		2389631425		7.98
230467095#0		2389631464		2389631255		5.41
230467095#1		2389631255		2389631555		150.97
230467095#2		2389631555		2389631585		23.84
230467098#0		2389631090		2389631119		56.41
230467098#1		2389631119		2389631413		631.5
230467101#0		838311118		2389631432		219.15
230467101#1		2389631432		838311132		56.88
230467102#0		2389631432		2389631464		60.61
230467102#1		2389631464		2389631555		177.93
230467111#0		2389631032		2389631247		415.91
230467111#1		2389631247		2389631299		26.06
230480442#0		7097958259		8480471065		845.91
230480442#1		8480471065		8480471069		0.38
230480442#10		7281789514		3684963096		157.41
230480442#2		8480471069		2401503999		5.02
230480442#3		2401503999		5758622940		101.76
230480442#4		5758622940		4182085029		454.8
230480442#5		4182085029		1144975815		181.47
230480442#6		1144975815		1148754942		429.31
230480442#7		1148754942		2478523647		20.74
230480442#8		2478523647		2401503987		11.82
230480442#9		2401503987		7281789514		86.05
231521461#0		2401503980		3799178055		243.95
231521461#1		3799178055		9486211039		209.89
231521461#2		9486211039		9486211038		15.8
231521461#3		9486211038		1144975763		226.77
231521461#4		1144975763		8445134878		92.59
231521461#5		8445134878		267620065		15.11
231521461#6		267620065		5758622939		519.58
231521461#7		5758622939		8480471071		134.03
231521461#8		8480471071		8480471067		0.88
231521461#9		8480471067		7097958266		847.86
231791561#0		2401209446		2401209469		53.37
231791561#1		2401209469		2401209446		46.89
231791562#0		2401209052		2401209046		73.94
231791562#1		2401209046		2742026871		14.91
231791562#2		2742026871		2401209075		122.18
231791562#3		2401209075		2742026921		25.78
231791562#4		2742026921		2742026901		120.83
231791562#5		2742026901		2401209048		17.58
231791562#6		2401209048		2401209050		74.49
231791563#0		2401209577		2401209585		56.65
231791563#1		2401209585		2401209606		123.61
231791564#0		2401209627		2401209668		297.83
231791564#1		2401209668		2401209673		85.75
231791565#0		2401209359		2401209379		7.59
231791565#1		2401209379		2401209395		6.79
231791565#2		2401209395		2401209434		28.61
231791565#3		2401209434		2401209426		121.89
231791565#4		2401209426		2401209413		16.38
231791565#5		2401209413		2401209389		18.08
231791566#0		2401209132		2401209203		30.09
231791566#1		2401209203		2401209355		135.14
231791566#2		2401209355		2401209418		131.19
231791566#3		2401209418		2401209419		103.09
231791567#0		2401209377		2401209379		100.81
231791567#1		2401209379		2401209442		85.86
231791567#2		2401209442		2401209413		312.35
231791567#3		2401209413		2401209377		45.09
231791567#4		2401209377		2401209395		75.91
231791568		2401209325		1734799514		98.86
231791569		2401209020		2401209162		244.56
231791570		2401209338		2401209361		15.43
231791571		2401209422		2401209445		51.79
231791572		2401209285		2401209283		17.92
231791573		2401209585		2401209588		25.71
231791574		1734799643		2401209606		126.86
231791575		2401209355		2401209351		73.44
231791576		2401209384		2401209489		164.67
231791577		2401209046		2401208970		198.11
231791578#0		2401209016		2401209020		113.49
231791578#1		2401209020		2401209022		233.65
231791579		838310065		1734799744		315.43
231791580#0		2401209536		2401209527		84.65
231791580#1		2401209527		2401209486		68.07
231791580#2		2401209486		2401209445		50.15
231791580#3		2401209445		2401209443		0.2
231791580#4		2401209443		2401209424		104.9
231791580#5		2401209424		2401209446		18.58
231791580#6		2401209446		2401209474		14.61
231791580#7		2401209474		2401209497		27.17
231791580#8		2401209497		2401209527		191.21
231791581#0		2401209334		2401209359		106.61
231791581#1		2401209359		2401209361		13.49
231791581#2		2401209361		2401209378		44.83
231791582#0		2401209115		2401209093		14.83
231791582#1		2401209093		2401209095		0.2
231791582#2		2401209095		2401209123		13.94
231791583		2401208972		2401209048		198.67
231791585#0		1734799787		2401209606		62.2
231791585#1		2401209606		2401209625		61.78
231791586#0		2401208974		2401209005		75.46
231791586#1		2401209005		2401209022		14.53
231791586#2		2401209022		2401209086		130.32
231791586#3		2401209086		2401209144		90.9
231791587#0		2401209200		2401209197		75.63
231791587#1		2401209197		2401209244		97.47
231791588#0		2401209126		2401209197		17.15
231791588#1		2401209197		2401209384		145.79
231791588#2		2401209384		2401209382		25.47
231791590		2401209484		2401209486		100.14
231791591#0		2401209426		2401209434		104.09
231791591#1		2401209434		2401209442		19.69
231791591#2		2401209442		838312051		35.22
231791592#0		2401209203		2401209253		22.01
231791592#1		2401209253		2401209294		4.21
231791592#2		2401209294		2401209325		24.87
231791592#3		2401209325		2401209351		19.09
231791592#4		2401209351		2401209418		50.97
231791593#0		2401209086		6102776411		49.97
231791593#1		6102776411		6102776407		34.43
231791593#2		6102776407		6102775860		22.32
231791593#3		6102775860		2401209005		149.89
231791594		2401209294		2401209253		171.45
231791595#0		2401209150		2401209283		50.64
231791595#1		2401209283		2401209334		39.0
231791595#2		2401209334		2401209389		65.64
231791595#3		2401209389		2401209407		228.7
231791596#0		2401209443		2401209401		195.0
231791596#1		2401209401		2401209424		28.35
231791597#0		2401209317		2401209338		103.33
231791597#1		2401209338		2401209285		257.68
231791597#2		2401209285		2401209317		18.59
231791598#0		2401209497		2401209484		10.33
231791598#1		2401209484		2401209474		111.4
231791599		2401209156		2401209472		363.16
231791612		838312058		2401209621		63.99
231791613		2401209631		838312061		18.7
231791614		2401209621		2401209631		22.17
231791618		1734808344		2401209613		384.04
231793617#0		1734799743		1734799682		88.41
231793617#1		1734799682		6102775862		63.11
231793617#2		6102775862		2713731835		105.59
231793617#3		2713731835		1734799534		33.85
231793620#0		1734808344		2401209529		61.7
231793620#1		2401209529		6046759215		380.3
231793620#2		6046759215		2401208968		365.89
231793620#3		2401208968		2401208957		536.93
231793621		506157801		1734808344		474.36
231793622#0		1734799520		2401209378		158.64
231793622#1		2401209378		838312051		79.44
231793622#2		838312051		2401209472		6.74
231793622#3		2401209472		2401209556		149.54
231793622#4		2401209556		1734799744		36.74
231793622#5		1734799744		838312058		11.6
231793623#0		1479067753		2401209016		102.3
231793623#1		2401209016		2401209050		70.88
231793623#2		2401209050		1734799520		157.41
231793624#0		2401209613		2401209625		135.81
231793624#1		2401209625		838310065		0.2
231793625#0		1734799703		2401209052		141.79
231793625#1		2401209052		1734799582		191.14
231793626#0		1734799534		1734799501		78.82
231793626#1		1734799501		2401209144		147.91
231793626#2		2401209144		1734799661		128.48
231793626#3		1734799661		1734799769		32.76
231793626#4		1734799769		2401209162		62.9
231793626#5		2401209162		2401209156		29.38
231793626#6		2401209156		1734799520		78.91
231793627#0		1479067753		2733773949		178.36
231793627#1		2733773949		2733773944		65.45
231793627#2		2733773944		2401208974		87.11
231793627#3		2401208974		2733822563		16.36
231793627#4		2733822563		1734799743		127.23
231808100#0		2401390848		2401390847		184.15
231808100#1		2401390847		2401390804		182.8
231808101#0		2401390806		4534994388		2.57
231808101#1		4534994388		2401390801		124.74
231808101#2		2401390801		2401390795		61.88
231808101#3		2401390795		2401390789		74.38
231808101#4		2401390789		2401390804		211.5
231808101#5		2401390804		2401390805		80.7
231808102#0		2401390779		2401390778		79.49
231808102#1		2401390778		2401390809		81.44
231808102#2		2401390809		2401390831		32.35
231808102#3		2401390831		2401390837		72.96
231808103#0		2401390757		2401390786		90.53
231808103#1		2401390786		2401390826		169.41
231808103#2		2401390826		2401390832		2.45
231808103#3		2401390832		2401390840		13.52
231808103#4		2401390840		2401390842		13.65
231808104#0		2401390906		2401390917		65.95
231808104#1		2401390917		2401390903		66.84
231808104#2		2401390903		2401390880		238.23
231808105#0		2401390882		2401390880		84.12
231808105#1		2401390880		2401390902		292.1
231808105#2		2401390902		2401390926		224.33
231808106		2401390795		2401390749		136.73
231808107		2401390840		2401390838		70.64
231808108		2401390764		2401390761		80.61
231808110		2401390789		2401390748		129.54
231808112		2401390786		2401390783		61.94
231808113#0		2401390847		2401390852		11.4
231808113#1		2401390852		2401390870		30.24
231808114#0		2401390903		2401390902		54.95
231808114#1		2401390902		2401390901		59.52
231808114#2		2401390901		4534994946		0.2
231808115#0		2401390934		2401390926		93.02
231808115#1		2401390926		2401390917		80.2
231808116#0		2401390725		4534994969		0.2
231808116#1		4534994969		2401390730		153.6
231808116#2		2401390730		2401390710		231.8
231808116#3		2401390710		2401390735		161.3
231808116#4		2401390735		2401390730		397.38
231808118#0		2401390801		2401390848		122.91
231808118#1		2401390848		2401390871		56.25
231808120		2401390767		2401390762		61.77
231808122		2401390769		2401390773		60.45
231808124		9481522243		2401390710		248.92
231808125#0		2401390808		2401390809		85.84
231808125#1		2401390809		2401390806		77.08
231808126		2401390849		2401390852		204.51
231808127#0		2401390778		2401390769		15.78
231808127#1		2401390769		2401390767		0.19
231808127#2		2401390767		2401390761		6.85
231808127#3		2401390761		2401390754		16.08
231808128#0		2401390832		2401390831		68.64
231808128#1		2401390831		2401390818		71.72
231808129#0		2401390826		2401390808		28.65
231808129#1		2401390808		2401390783		48.82
231808129#2		2401390783		2401390779		4.66
231808129#3		2401390779		2401390764		43.6
231808129#4		2401390764		2401390755		16.76
231808132#0		2401390872		1195044782		337.01
231808132#1		1195044782		837956951		132.03
231808132#2		837956951		837956968		448.32
231808154#0		1195044782		2401390757		5.75
231808154#1		2401390757		2401390755		74.25
231808154#2		2401390755		2401390754		79.6
231808154#3		2401390754		2401390751		89.24
231808159#0		2401363138		3738577680		103.72
231808159#1		3738577680		2877898290		329.54
231808159#2		2877898290		2401390759		157.39
231808162#0		1148784410		2401390872		281.82
231808162#1		2401390872		2401208957		157.86
231808165#0		1148784410		2401390806		172.66
231808165#1		2401390806		2401390751		162.19
231808165#2		2401390751		2401390725		187.27
231808165#3		2401390725		837956972		225.46
231820206#0		2401503926		2401503951		362.69
231820206#1		2401503951		2713725851		248.33
231820209		2401503952		2401503951		148.2
231820215#0		2478523793		4534995022		0.1
231820215#1		4534995022		2730580466		243.52
231820216#0		1148784419		4534994915		0.1
231820216#1		4534994915		9722186847		431.0
231820216#2		9722186847		1148784425		78.15
231820216#3		1148784425		2401208952		482.75
236668161#0		3684963096		2733181778		175.74
236668161#1		2733181778		2733181783		49.3
236668161#2		2733181783		2733181776		78.82
236668161#3		2733181776		8640236592		71.66
236668161#4		8640236592		3799158620		0.2
236668164		2401503915		2401390759		675.72
236668172#0		1148784409		1148784419		304.5
236668172#1		1148784419		2739341904		258.66
236668172#2		2739341904		2478523793		134.91
236668173#0		2401390759		2484585634		191.3
236668173#1		2484585634		2739341918		55.6
236668173#2		2739341918		7281789504		148.37
236668173#3		7281789504		2478523793		88.93
236668178		3684963096		1148754902		300.23
236669232#0		1734799582		2751749661		67.42
236669232#1		2751749661		2751698634		95.78
236669232#2		2751698634		2401390901		55.8
236669232#3		2401390901		2751749780		15.61
236669232#4		2751749780		2751749787		82.45
236669232#5		2751749787		1148784410		192.5
236669235#0		1734799582		2401208970		121.79
236669235#1		2401208970		2751749653		44.15
236669235#2		2751749653		2751749659		140.94
236669235#3		2751749659		2401208972		49.74
236669235#4		2401208972		2751749683		41.15
236669235#5		2751749683		1479067753		64.94
240079264		2478523661		2478523681		125.64
240079265#0		2478523681		6805911917		279.4
240079265#1		6805911917		6984995934		3.39
240079266		6984995934		1148794192		157.73
240079267#0		2570974075		7933382143		213.09
240079267#1		7933382143		6984995932		53.65
240079268#0		2478523652		2481900334		39.24
240079268#1		2481900334		2481900299		26.38
240079268#10		2481900221		2481900122		45.61
240079268#11		2481900122		2478523694		10.07
240079268#12		2478523694		2481896227		0.2
240079268#13		2481896227		2478523776		0.2
240079268#2		2481900299		2478523691		114.55
240079268#3		2478523691		2481900391		0.2
240079268#4		2481900391		2481900367		5.75
240079268#5		2481900367		2481900384		9.18
240079268#6		2481900384		2481900220		3.91
240079268#7		2481900220		2481900385		2.86
240079268#8		2481900385		2481900378		5.8
240079268#9		2481900378		2481900221		0.2
240079271#0		2570974076		2478523745		17.76
240079271#1		2478523745		2478523750		22.93
240079271#2		2478523750		2570974076		45.17
240079272#0		2478523750		2720458068		8.3
240079272#1		2720458068		2478523704		54.38
240079273		2478523759		2478523760		152.96
240079274#0		2570974075		2478523768		177.11
240079274#1		2478523768		2478523681		181.38
240079275		2478523776		7845563046		0.2
240079280#0		2478523794		2481902634		37.87
240079280#1		2481902634		2481902631		36.59
240079280#2		2481902631		2478523797		27.57
240079280#3		2478523797		2484585622		98.58
240079281#0		2478523759		2481902606		37.74
240079281#1		2481902606		2478523797		4.18
240451937#0		2478523691		2481900165		15.92
240451937#1		2481900165		2481900266		11.07
240451937#2		2481900266		2481896245		18.31
240451937#3		2481896245		2481896253		78.4
240451937#4		2481896253		2481896069		4.77
240451949#0		2481896227		2481900249		56.56
240451949#1		2481900249		2481900183		159.49
240451949#2		2481900183		2481896245		119.04
240451951		2481896253		2481896254		90.38
240452462#0		2481900122		2481900252		53.0
240452462#1		2481900252		2481900267		11.52
240452462#2		2481900267		2481900235		161.27
240452462#3		2481900235		2481900165		16.71
240452463		2481900166		2481900183		124.19
240452464#0		2481900184		2481900268		82.72
240452464#1		2481900268		2481900216		82.33
240452464#2		2481900216		2481900226		0.2
240452464#3		2481900226		2481900220		17.08
240452465#0		2481900221		2481900226		31.83
240452465#1		2481900226		2481900240		5.49
240452465#2		2481900240		2481900367		13.61
240452466		2481900216		2481900235		16.21
240452467#0		2481900384		2481900240		12.85
240452467#1		2481900240		2481900391		26.62
240452468#0		2481900249		2481900166		12.7
240452468#1		2481900166		2481900252		12.7
240452468#2		2481900252		2481900266		136.47
240452469#0		2481900267		2481900268		8.64
240452469#1		2481900268		2481900184		1.65
240452469#2		2481900184		2481900270		62.63
240452470#0		2481900271		2481900287		219.71
240452470#1		2481900287		2481900288		24.83
240452471#0		2481900287		2481900311		55.03
240452471#1		2481900311		2481900296		30.11
240452471#2		2481900296		2481900300		3.1
240452471#3		2481900300		2481900299		21.25
240452472#0		2481900300		2481900324		30.57
240452472#1		2481900324		2481900305		2.7
240452472#2		2481900305		2481900319		11.49
240452472#3		2481900319		2481900310		7.65
240452472#4		2481900310		2481900288		6.13
240452473#0		2481900311		2481900315		16.94
240452473#1		2481900315		2481900319		10.6
240452474		2481900315		2481900305		10.86
240452475#0		2481900324		2481900340		6.39
240452475#1		2481900340		2481900310		34.71
240452476		2481900334		2481900340		36.2
240452477#0		2481900296		2481900366		29.12
240452477#1		2481900366		2481900363		17.1
240452477#2		2481900363		2481900352		39.94
240452477#3		2481900352		2481900359		35.85
240452477#4		2481900359		2481900363		13.44
240452478		2481900359		2481900366		26.61
240452479		2481900367		2481900352		82.27
240452480#0		2481900378		2481900382		24.16
240452480#1		2481900382		2481900384		10.31
240452481#0		2481900385		2481900382		11.32
240452481#1		2481900382		2481900391		37.68
240452644#0		2481902606		2481902626		17.73
240452644#1		2481902626		2481902620		52.78
240452644#2		2481902620		2481902625		24.32
240452645		2481902626		2481902631		12.08
240452646		2481902620		2481902634		3.42
240453454#0		2481908669		3523337822		32.34
240453454#1		3523337822		2481908675		90.64
240453456		2481908678		1479955261		31.79
240453457		2481908684		2481908685		37.18
240560815		837956951		4534995079		419.75
240617291#0		2483380288		2483380293		182.07
240617291#1		2483380293		2483380297		84.9
240617291#2		2483380297		2483380292		86.49
240617292		2483380293		2483380294		142.79
240617293		2483380295		2483380297		126.73
240617294		2483380298		2483380300		110.94
240617295		2483380301		2483380302		111.16
240617301#0		2478523650		2478523652		14.43
240617301#1		2478523652		2478523656		35.55
240617301#2		2478523656		2483380347		14.83
240617301#3		2483380347		2478523674		62.55
240617301#4		2478523674		2478523650		21.5
240617302#0		2478523657		2478523661		31.53
240617302#1		2478523661		1148794191		26.05
240617302#2		1148794191		2483380333		10.87
240617302#3		2483380333		2483380335		6.81
240617302#4		2483380335		2478523657		15.69
240617303		2478523656		2478523657		90.87
240617304		2483380335		2483380347		91.56
240617305#0		2478523674		3523337835		49.55
240617305#1		3523337835		2478523647		61.29
240617306		1148754942		2478523650		111.01
240747960#0		1479955261		2481908685		22.91
240747960#1		2481908685		2481908675		39.89
265762563#0		1734799682		2713731851		73.79
265762563#1		2713731851		2713731849		63.22
265762563#2		2713731849		2713731833		58.75
265762565#0		2713731835		2713731841		72.68
265762565#1		2713731841		2713731853		22.36
265762565#2		2713731853		2733263582		50.18
265762565#3		2733263582		2713731849		47.83
265762567#0		2713731841		2713731858		21.76
265762567#1		2713731858		2733263580		50.69
265762567#2		2733263580		2713731851		44.08
265762569		2713731853		2713731858		6.18
266507908		2720458068		2720458098		337.36
266508071		2720460620		2720460680		363.2
266508072		2720460681		2478523694		125.58
267612556#0		2730580466		9722186846		137.86
267612556#1		9722186846		2401503926		26.48
267612556#10		2401208955		2401390870		196.83
267612556#11		2401390870		2401390871		170.49
267612556#12		2401390871		2751749844		0.2
267612556#13		2751749844		4534994698		176.18
267612556#14		4534994698		1148784410		0.2
267612556#2		2401503926		2401239653		152.04
267612556#3		2401239653		2733796960		82.18
267612556#4		2733796960		2733796942		61.51
267612556#5		2733796942		2733773961		51.54
267612556#6		2733773961		2751749918		0.2
267612556#7		2751749918		2733773957		65.92
267612556#8		2733773957		2733796743		84.47
267612556#9		2733796743		2401208955		72.76
267929674#0		2733181776		2733181787		75.39
267929674#1		2733181787		2733181777		238.76
267929675#0		2733181778		2733181784		63.02
267929675#1		2733181784		2733181779		227.34
267929677#0		2733181782		2733181786		120.31
267929677#1		2733181786		2733181785		2.77
267929677#2		2733181785		2733181783		63.15
267929678		2733181784		2733181785		48.65
267929679		2733181786		2733181787		79.39
267936777		2733263580		2733263582		35.64
268000578#0		3799158620		1125840591		201.4
268000578#1		1125840591		2401503924		302.54
268000578#2		2401503924		2877898283		70.06
268000578#3		2877898283		2401390759		126.81
268005505#0		2733773944		2733773953		94.03
268005505#1		2733773953		2733822558		49.57
268005505#2		2733822558		2733773948		95.23
268005505#3		2733773948		2733773964		33.57
268005505#4		2733773964		2733773945		73.49
268005507#0		2733773947		2733796742		90.86
268005507#1		2733796742		2733773950		60.89
268005507#2		2733773950		2733773948		65.14
268005508#0		2733773949		6450706889		92.37
268005508#1		6450706889		2733773950		158.32
268005509#0		2733773952		6450706889		173.58
268005509#1		6450706889		2733773953		65.27
268005512#0		2733773954		8526783241		81.3
268005512#1		8526783241		2733773956		83.9
268005513		2733773956		2733773957		124.14
268005515#0		2733773956		2733773959		9.79
268005515#1		2733773959		2733773958		0.2
268005516#0		2733773959		2733773945		43.74
268005516#1		2733773945		2733773960		18.53
268005517#0		2733773960		2733796949		54.67
268005517#1		2733796949		2733773961		83.91
268005518#0		2733773962		2733796962		77.73
268005518#1		2733796962		2733796946		62.76
268005518#2		2733796946		2733773964		86.67
268008085#0		2733796742		8526783241		146.94
268008085#1		8526783241		2733796743		124.52
268008101#0		2733796942		2733796951		83.73
268008101#1		2733796951		2733796946		119.05
268008102		2733796949		2733796951		52.77
268008105		2733796960		2733796962		219.57
268013263#0		2733822558		8480471077		32.98
268013263#1		8480471077		2733822559		67.24
268013264#0		2733822560		2733822566		23.35
268013264#1		2733822566		8480471075		69.26
268013264#2		8480471075		2733822562		85.48
268013265#0		2733822563		8480471075		64.83
268013265#1		8480471075		2733822573		14.93
268013265#2		2733822573		2733822565		0.2
268013266#0		2733822566		8480471076		15.32
268013266#1		8480471076		8480471077		52.68
268013266#2		8480471077		2733822568		46.65
268013267		2733822568		2733822569		73.08
268013268#0		2733822572		8480471076		10.24
268013268#1		8480471076		2733822573		69.31
268013269#0		2733822565		2733822576		14.34
268013269#1		2733822576		2733822575		50.63
268013270#0		2733822576		2733822606		114.23
268013270#1		2733822606		2733822609		5.55
268013270#2		2733822609		2733822615		0.2
268013270#3		2733822615		2733822616		30.83
268013271		2733822569		2733822615		104.3
268013272		2733822568		2733822616		280.43
268013273		2733822606		2733822608		29.44
268013274		2733822609		2733822610		29.84
268599171		2739341904		2739341905		84.48
268599172#0		7281789504		2739341906		7.64
268599172#1		2739341906		2739341922		20.58
268599172#2		2739341922		2739341924		31.42
268599172#3		2739341924		2739341905		48.71
268599172#4		2739341905		2739341927		43.87
268599172#5		2739341927		2739341916		39.68
268599172#6		2739341916		3062518796		28.65
268599172#7		3062518796		2739341917		20.54
268599173#0		2739341906		2739341920		143.9
268599173#1		2739341920		2739341919		0.2
268599173#10		2739341916		2739341915		36.07
268599173#2		2739341919		2739341943		158.25
268599173#3		2739341943		2739341923		4.34
268599173#4		2739341923		2739341947		22.46
268599173#5		2739341947		2739341946		35.37
268599173#6		2739341946		2739341935		31.97
268599173#7		2739341935		2739341931		62.12
268599173#8		2739341931		2739341921		124.67
268599173#9		2739341921		2739341916		115.83
268599176		2739341918		2739341919		6.36
268599177#0		2739341920		3062518800		21.21
268599177#1		3062518800		3062518799		32.14
268599177#2		3062518799		3062518798		78.88
268599177#3		3062518798		3062518797		30.04
268599177#4		3062518797		2739341921		31.99
268599178#0		2739341922		3062518800		142.94
268599178#1		3062518800		2739341926		84.58
268599178#2		2739341926		2739341923		66.81
268599179#0		2739341924		3062518799		138.42
268599179#1		3062518799		2739341926		114.83
268599180#0		2739341927		2739341928		38.43
268599180#1		2739341928		3062518798		102.38
268599180#2		3062518798		2739341934		95.49
268599180#3		2739341934		2739341931		28.19
268599181#0		2739341928		3062518797		90.81
268599181#1		3062518797		2739341934		98.57
268599182		2739341935		2739341936		114.05
268599183		2739341931		2739341941		141.36
268599184#0		2739341941		3062518796		239.54
268599184#1		3062518796		2739341942		50.01
268599185#0		2739341943		2739341948		93.05
268599185#1		2739341948		2739341946		96.81
268599186		2739341947		2739341948		56.22
268889895		2741897822		2741897799		721.16
268906202#0		2401209093		2742026851		5.7
268906202#1		2742026851		2742026854		0.2
268906202#2		2742026854		2401209095		5.71
268906203#0		2742026851		2742026915		4.05
268906203#1		2742026915		2742026863		76.96
268906203#2		2742026863		2742026877		97.24
268906203#3		2742026877		2742026871		32.53
268906204		2742026863		2742026877		68.23
268906205#0		2742026854		2742026918		0.2
268906205#1		2742026918		2742026886		87.73
268906205#2		2742026886		2742026892		69.69
268906206#0		2742026886		2742026892		95.94
268906206#1		2742026892		2742026901		27.61
268906208		2742026915		2401209075		52.36
268906209		2742026918		2742026921		53.37
270081577#0		2751698634		4534994913		0.2
270081577#1		4534994913		2751749769		107.35
270081577#2		2751749769		2828217475		248.85
270081577#3		2828217475		2751749688		44.58
270081577#4		2751749688		2828217474		3.99
270081577#5		2828217474		2751698635		85.22
270087460#0		2751749653		2751749667		44.98
270087460#1		2751749667		2751749679		194.39
270087460#2		2751749679		2751749659		68.77
270087461#0		2751749661		4534995096		0.2
270087461#1		4534995096		2751749663		61.22
270087462#0		2751749663		2751749673		112.36
270087462#1		2751749673		2751749667		0.2
270087464#0		2751749663		2751749675		18.22
270087464#1		2751749675		2751749677		171.64
270087464#2		2751749677		2751749673		41.53
270087465		2751749675		2751749677		92.87
270087466#0		2751749679		2751749687		75.92
270087466#1		2751749687		2751749685		15.5
270087466#2		2751749685		2751749681		67.99
270087467		2751749683		2751749685		69.59
270087468#0		2751749687		2751749690		14.87
270087468#1		2751749690		2751749696		26.2
270087468#2		2751749696		2751749688		19.52
270087469		2751749690		2751749696		139.89
270087471		2751749769		2751749771		69.66
270087472		2751749773		2751749771		3.51
270087473		2751749773		2751749776		3.57
270087474		2751749771		2751749778		3.38
270087475		2751749778		2751749776		3.84
270087476#0		2751749773		4534994886		103.22
270087476#1		4534994886		2751749780		0.2
270087477		2751749778		2751749782		119.7
270087478		2751749776		2751749784		67.62
270087479#0		2751749784		2751749791		14.15
270087479#1		2751749791		4534994364		88.27
270087479#2		4534994364		2751749787		0.2
270087480		2751749784		2751749789		94.77
270087481#0		2751749791		2751749793		49.97
270087481#1		2751749793		2751749838		48.76
270087481#2		2751749838		2751749842		42.11
270087481#3		2751749842		2751749815		34.43
270087481#4		2751749815		2751749825		61.35
270087482		2751749815		2751749835		61.2
270087483		2751749838		2751749840		7.49
270087484		2751749842		2751749844		51.88
270087485		2751749846		2751749849		67.22
270087486#0		2751749851		2751749849		28.42
270087486#1		2751749849		2751749853		78.55
270087487		2751749855		2751749853		63.93
270087489#0		2751749859		2751749880		185.96
270087489#1		2751749880		2751749881		11.27
270087490#0		2751749880		2751749911		66.68
270087490#1		2751749911		2751749894		37.74
270087491#0		2751749896		2751749920		0.2
270087491#1		2751749920		2751749911		234.47
270087492		2751749896		2751749851		170.0
270087493		2751749918		2751749920		33.47
270087494		2751749853		2751749930		158.11
270087495#0		2751749932		2751749930		63.86
270087495#1		2751749930		2751749934		135.5
278455399#0		2828217452		2828217454		140.44
278455399#1		2828217454		2828217453		80.14
278455400		2828217454		2828217474		199.33
278455401		2828217475		2828217482		45.76
278571334		9486211039		2829220477		268.32
278571335		9486211038		2829220480		276.45
278571336#0		2829220477		2829220482		35.3
278571336#1		2829220482		2829220481		39.21
278571337#0		2829220482		2829227802		72.76
278571337#1		2829227802		2829220483		55.58
278571535#0		2829220477		2829225699		12.69
278571535#1		2829225699		2829227801		71.77
278571535#2		2829227801		2829225700		57.61
278571535#3		2829225700		2829241484		56.37
278571536#0		2829227801		2829227802		63.15
278571536#1		2829227802		2829227803		75.73
278571537#0		2829227803		2829227813		82.61
278571537#1		2829227813		2829227805		49.33
278571538#0		2829227806		2829227807		17.48
278571538#1		2829227807		2829227813		37.82
278571539		2829227805		2829227807		12.97
278571540		2829225699		1148754905		186.34
278571541#0		2829227801		2829227816		50.53
278571541#1		2829227816		2829241480		36.48
278571541#2		2829241480		1148754909		67.76
278571542		2829227816		2829227817		57.9
278572377#0		2829241480		2829241483		58.67
278572377#1		2829241483		1148754922		29.15
278572378#0		2829241482		2829220483		45.42
278572378#1		2829220483		2829225700		63.38
278572378#2		2829225700		2829227817		50.32
278572378#3		2829227817		2829241483		34.77
278572995		2829227803		2829257347		307.94
279360268		2570974075		2570974076		135.54
279360269		2478523681		2570974075		158.17
279360271		6984995934		2478523790		306.48
279360273#0		2478523739		6984995931		10.5
279360273#1		6984995931		7933382142		50.01
279360273#2		7933382142		2478523760		96.75
279360273#3		2478523760		2478523745		81.93
279360278#0		2478523704		2478523705		4.05
279360278#1		2478523705		2478523759		132.83
279360279#0		2478523759		2481902625		74.05
279360279#1		2481902625		2478523794		13.67
279360279#2		2478523794		6805911915		41.57
279360280#0		2478523776		2720460680		343.35
279360280#1		2720460680		2478523704		37.34
282304746		2862381328		2862381332		98.72
284004301		2877898278		2877898282		478.97
284004302		2877898283		2877898285		135.73
284004303		2877898286		2877898290		199.09
284004304		2877898278		2401503924		246.93
284004305#0		3738577680		8526783240		19.92
284004305#1		8526783240		2877898312		10.51
284004305#2		2877898312		2877898315		48.57
284004305#3		2877898315		2877898302		29.23
284004306#0		2877898303		8526783240		51.54
284004306#1		8526783240		2877898310		66.26
284004306#2		2877898310		2877898305		56.66
284004306#3		2877898305		2877898307		32.78
284004306#4		2877898307		2877898304		58.25
284004307		2877898305		2877898306		110.98
284004308		2877898307		2877898308		115.02
284004309#0		2877898308		2877898306		38.28
284004309#1		2877898306		2877898309		56.77
284004309#2		2877898309		2877898302		70.85
284004310#0		2877898309		2877898314		24.23
284004310#1		2877898314		2877898311		46.6
284004310#2		2877898311		2877898310		12.33
284004311#0		2877898311		2877898312		66.17
284004311#1		2877898312		2877898313		45.17
284004312		2877898314		2877898315		66.55
341733685#0		3488417921		8480471066		1517.4
341733685#1		8480471066		3684963090		407.68
341733685#2		3684963090		3684963089		844.31
341733685#3		3684963089		5758622923		813.76
345687070#0		3523329189		3523329191		127.65
345687070#1		3523329191		3523330393		70.84
345687070#2		3523330393		3523329191		52.23
345687071#0		3523330393		3523330394		20.56
345687071#1		3523330394		3523330398		130.98
345687072#0		3523330394		3523330399		37.58
345687072#1		3523330399		3523330398		134.6
345687072#2		3523330398		3523330483		6.13
345687072#3		3523330483		3523330406		187.21
345687072#4		3523330406		3523330407		25.67
345687072#5		3523330407		3523330409		345.96
345687075#0		3523330416		3523330446		609.03
345687075#1		3523330446		3523330448		90.87
345687076		3523330407		3523330446		74.86
345687077#0		3523330406		3523330448		10.26
345687077#1		3523330448		3523330450		36.1
345687081		3523330399		3523330409		43.66
345687082		3523330411		3523330483		67.03
345687879		2483380333		3523337825		46.81
345687880		3523337833		3523337834		139.24
345687881		3523337834		3523337835		58.26
345687882		3523337833		3523337836		29.03
364450779		3684963089		3684963093		125.24
364450780		3684963093		5758622938		377.97
364450783		5758622940		3684963091		18.89
376522161		3799320408		3799320411		231.93
417713709		2862381332		2862381325		48.59
417713712		2862381327		2862381328		49.67
417713714		4182085029		2862381325		29.83
417713716		2862381325		2862381327		105.91
457336148#0		4534995022		7154206611		177.91
457336148#1		7154206611		4534994915		214.05
457336148#2		4534994915		4534994699		323.2
457336152#0		4742252600		4534994969		222.41
457336152#1		4534994969		4534994796		180.71
457336152#2		4534994796		4534994388		161.56
457336152#3		4534994388		4534994698		173.19
457336155#0		4534994698		4534994364		189.8
457336155#1		4534994364		4534994886		77.31
457336155#2		4534994886		4534994946		15.52
457336155#3		4534994946		4534994913		55.81
457336155#4		4534994913		4534995096		90.63
457336155#5		4534995096		1734799582		64.97
457336173#0		2401390751		4534994796		0.2
457336173#1		4534994796		2401390749		200.86
457336173#2		2401390749		2401390748		75.17
457336173#3		2401390748		2401208952		308.18
457336189#0		2401390759		2739341936		128.29
457336189#1		2739341936		4534994846		542.79
573587766		2751749881		5508348780		24.46
607698354#0		3488417925		3799178056		183.02
607698354#1		3799178056		3799320408		867.38
607698354#2		3799320408		3488384225		1980.28
607698357		3799320411		5758622939		25.38
607698358		3684963091		3684963090		253.65
612822784#0		3799313450		9486041524		129.9
612822784#1		9486041524		5800236058		9.08
612822785#0		2398924991		8480471067		20.48
612822785#1		8480471067		9486103027		1.5
612822785#2		9486103027		8480471066		0.2
612822785#3		8480471066		8480471065		0.2
612822785#4		8480471065		5800236058		9.82
642235997#0		7281789551		2713725851		28.16
642235997#1		2713725851		1734799743		234.44
645296910#0		6066327720		6066327765		947.94
645296910#1		6066327765		6066328385		246.41
645296910#2		6066328385		6066327699		489.01
645296919		6066327765		6066328385		79.08
650572259		6102775860		6102775861		112.83
650572262		6102775861		6102775862		0.2
650572295		6102776407		6102776411		329.43
688038729#0		2478523790		6450706972		156.27
688038729#1		6450706972		10102605938		75.13
688038729#10		2483380292		2483380295		33.42
688038729#11		2483380295		7933396690		17.15
688038729#12		7933396690		10102383478		24.23
688038729#13		10102383478		1148794191		36.17
688038729#2		10102605938		7933396712		118.85
688038729#3		7933396712		1148794192		79.72
688038729#4		1148794192		6805911916		12.33
688038729#5		6805911916		2483380301		3.45
688038729#6		2483380301		2483380288		0.2
688038729#7		2483380288		2483380298		27.84
688038729#8		2483380298		2483380294		0.2
688038729#9		2483380294		2483380292		32.76
70203285#0		838309703		838310065		554.3
70203285#1		838310065		2389631683		408.1
70203285#2		2389631683		2389631669		56.86
70203285#3		2389631669		2389631647		40.4
70203285#4		2389631647		2389631623		50.24
70203285#5		2389631623		2389631606		20.73
70203285#6		2389631606		2389631593		30.7
70203285#7		2389631593		2389631477		316.96
70203304#0		7506208826		2389631668		322.75
70203304#1		2389631668		2389631671		11.6
70203304#2		2389631671		2389631689		58.24
70203304#3		2389631689		838309960		697.22
70203304#4		838309960		2389631831		213.91
70203362#0		2401363132		2401390734		263.03
70203362#1		2401390734		2401208952		97.73
70203362#10		2828217453		2733773947		85.3
70203362#11		2733773947		2751698635		76.12
70203362#12		2751698635		2733773952		65.98
70203362#13		2733773952		2751749681		9.34
70203362#14		2751749681		1479067753		70.67
70203362#2		2401208952		2751749932		26.68
70203362#3		2751749932		2401390805		144.37
70203362#4		2401390805		2751749855		0.2
70203362#5		2751749855		2751749846		80.4
70203362#6		2751749846		2401390849		23.26
70203362#7		2401390849		2401208955		34.3
70203362#8		2401208955		2733773954		124.85
70203362#9		2733773954		2828217453		47.58
725894814#0		7281789514		7281789523		455.1
725894814#1		7281789523		7239273289		0.2
725894815#0		7239273289		7281789529		196.67
725894815#1		7281789529		7154206600		277.2
725894815#2		7154206600		2484585634		210.8
725894816		1148794192		7239273289		169.18
725894817#0		2713725851		2478523712		77.1
725894817#1		2478523712		2478523739		141.65
725894817#2		2478523739		6984995933		155.16
725894817#3		6984995933		6984995934		156.07
766003480		7154206600		2401503924		189.38
766003481#0		7154206603		7154206605		147.16
766003481#1		7154206605		7154206611		405.12
775986570#0		8640236580		8640236592		1087.76
775986570#1		8640236592		7281789523		277.16
775986570#2		7281789523		7281789463		156.92
779834467		7281789463		7281789547		566.02
779834469#0		7281789523		7933396653		57.51
779834469#1		7933396653		6805911916		106.29
779834469#2		6805911916		6805911917		157.64
779834469#3		6805911917		6984995932		156.53
779834469#4		6984995932		9455677482		77.51
779834469#5		9455677482		6984995931		63.04
779834469#6		6984995931		6805911915		143.6
779834469#7		6805911915		2713725851		80.24
779834472		7281789551		7281789557		45.0
779834473		7281789547		7281789549		138.91
779834474		7281789546		7281789464		564.76
779834475		7281789549		7281789551		45.4
779834476		7281789557		7281789546		139.29
779834478		3523337828		3523337824		271.31
779834479		3523337824		7281789592		111.73
779834480		7281789592		3523337822		36.32
779834481		3523337825		3523337828		130.92
799269876#0		1734799580		7474938417		0.2
799269876#1		7474938417		1734799501		98.02
799269877		7474938415		1734799580		38.22
799269878#0		7474938414		8480471069		13.87
799269878#1		8480471069		9486103028		0.2
799269878#2		9486103028		8480471071		0.77
799269878#3		8480471071		2398924990		20.82
799269879		5800236058		7474938415		509.05
799269880		7474938416		7474938414		509.72
799269881		1734799580		7474938416		39.58
799269882#0		7474938417		7474938418		41.11
799269882#1		7474938418		7474938415		0.2
799269882#2		7474938415		7474938416		0.2
799269882#3		7474938416		1734799494		75.39
799269883		7474938418		7474938421		199.86
802453904		7506208833		2389631464		277.89
840813157		7845563047		2478523768		13.62
840813158		7845563046		7845563047		40.95
850367640#0		7933396653		2483380302		3.11
850367640#1		2483380302		2483380300		31.06
850367640#2		2483380300		7933396687		39.6
850367640#3		7933396687		7933396678		47.94
850367640#4		7933396678		10102383479		22.93
850367640#5		10102383479		7933396654		0.2
850367640#6		7933396654		7933396660		63.09
850367641#0		7933396654		7933396655		33.04
850367641#1		7933396655		7933396659		68.51
850367642#0		7933396660		7933396659		203.94
850367642#1		7933396659		7933396686		92.99
850367642#2		7933396686		7933396689		10.08
850367642#3		7933396689		2483380302		148.09
850367643#0		7933396678		7933396679		30.71
850367643#1		7933396679		7933396655		48.88
850367644		7933396679		7933396686		72.32
850367645		7933396687		7933396689		92.82
850367646		7933396690		7933396678		105.22
850367652#0		7933396712		7933396713		83.58
850367652#1		7933396713		7933396714		12.04
850367654#0		7933396713		7933396717		32.04
850367654#1		7933396717		7933396718		53.69
850367655#0		7933396717		7933396720		0.2
850367655#1		7933396720		7933396719		33.25
850367656		7933396720		7933396722		50.44
850368089#0		7933382142		7933382144		0.56
850368089#1		7933382144		9838163243		40.82
850368090#0		7933382144		7933382148		99.49
850368090#1		7933382148		7933382147		103.57
850368091		7933382148		9455677482		3.82
909559996#0		8445134878		8445134880		16.43
909559996#1		8445134880		267620065		12.25
909559997#0		8445134880		9480961760		102.38
909559997#1		9480961760		2751749952		348.68
942321520#0		2751749825		2751749793		101.1
942321520#1		2751749793		2751749827		53.84
945754276		2401390735		2401390734		84.03
97049435#0		1195044802		2829227806		399.15
97049435#1		2829227806		9480961757		135.66
97049435#2		9480961757		1144975763		147.53
97049435#3		1144975763		5800236063		0.2
97049435#4		5800236063		1144975815		0.2
98584143#0		7281789529		1125840591		276.75
98584143#1		1125840591		2877898282		555.74
98584143#2		2877898282		2401363152		81.17
99295936#0		1148754905		2481908669		38.93
99295936#1		2481908669		1148754949		318.24
99297428#0		2401209613		2401209588		9.99
99297428#1		2401209588		1734799459		20.7
99297428#2		1734799459		2401209489		135.1
99297428#3		2401209489		2401209407		101.63
99297428#4		2401209407		2401209382		12.7
99297428#5		2401209382		2401209244		102.77
99297428#6		2401209244		1734799703		49.51
99478595#0		7281789464		7239273289		148.69
99478595#1		7239273289		3799158620		278.51
99478595#2		3799158620		8640236576		1126.23
998139957		7674713392		1195044782		174.34
998139966#0		4534994703		3523329189		113.48
998139966#1		3523329189		1148784425		226.38
